Frecuencia (Hz)	Nivel (dB)
43,066406	-15,322649
86,132812	-21,608356
129,199219	-23,410646
172,265625	-24,898773
215,332031	-26,075134
258,398438	-26,744659
301,464844	-27,500454
344,531250	-28,245707
387,597656	-28,744768
430,664062	-29,044668
473,730469	-29,696947
516,796875	-30,161295
559,863281	-30,401463
602,929688	-30,770185
645,996094	-31,121325
689,062500	-31,297459
732,128906	-31,430052
775,195312	-31,878044
818,261719	-32,078552
861,328125	-32,187653
904,394531	-32,484695
947,460938	-32,688900
990,527344	-32,986450
1033,593750	-33,158485
1076,660156	-33,438694
1119,726562	-33,675812
1162,792969	-33,920685
1205,859375	-33,936768
1248,925781	-34,018909
1291,992188	-34,216419
1335,058594	-34,425407
1378,125000	-34,595486
1421,191406	-35,011639
1464,257812	-35,048058
1507,324219	-35,032936
1550,390625	-35,206837
1593,457031	-35,344860
1636,523438	-35,352833
1679,589844	-35,479927
1722,656250	-35,451324
1765,722656	-35,577244
1808,789062	-35,614223
1851,855469	-35,912960
1894,921875	-36,200012
1937,988281	-36,300758
1981,054688	-36,408588
2024,121094	-36,496296
2067,187500	-36,450527
2110,253906	-36,743835
2153,320312	-36,764305
2196,386719	-36,740456
2239,453125	-36,835983
2282,519531	-37,074379
2325,585938	-37,327103
2368,652344	-37,234428
2411,718750	-37,228481
2454,785156	-37,461544
2497,851562	-37,598427
2540,917969	-37,606400
2583,984375	-37,785603
2627,050781	-37,905373
2670,117188	-37,916126
2713,183594	-37,966625
2756,250000	-38,140900
2799,316406	-38,272038
2842,382812	-38,259274
2885,449219	-38,396141
2928,515625	-38,506516
2971,582031	-38,469070
3014,648438	-38,599953
3057,714844	-38,516380
3100,781250	-38,738018
3143,847656	-38,731091
3186,914062	-38,681519
3229,980469	-38,824982
3273,046875	-38,917187
3316,113281	-39,085037
3359,179688	-39,054039
3402,246094	-39,021534
3445,312500	-39,105881
3488,378906	-39,161922
3531,445312	-39,354950
3574,511719	-39,455746
3617,578125	-39,428917
3660,644531	-39,385578
3703,710938	-39,521622
3746,777344	-39,750843
3789,843750	-39,936554
3832,910156	-40,057941
3875,976562	-40,021706
3919,042969	-40,066586
3962,109375	-40,188393
4005,175781	-40,049183
4048,242188	-40,059875
4091,308594	-40,210667
4134,375000	-40,266838
4177,441406	-40,266064
4220,507812	-40,476887
4263,574219	-40,591705
4306,640625	-40,545399
4349,707031	-40,622131
4392,773438	-40,675938
4435,839844	-40,566521
4478,906250	-40,700520
4521,972656	-40,770157
4565,039062	-40,873837
4608,105469	-40,743000
4651,171875	-40,815186
4694,238281	-41,018574
4737,304688	-40,864090
4780,371094	-40,846401
4823,437500	-40,947475
4866,503906	-41,112099
4909,570312	-41,178810
4952,636719	-41,117577
4995,703125	-41,234871
5038,769531	-41,337975
5081,835938	-41,363049
5124,902344	-41,365459
5167,968750	-41,369141
5211,035156	-41,506016
5254,101562	-41,566391
5297,167969	-41,467712
5340,234375	-41,636009
5383,300781	-41,412674
5426,367188	-41,397133
5469,433594	-41,795151
5512,500000	-41,859856
5555,566406	-41,831203
5598,632812	-41,764912
5641,699219	-41,929276
5684,765625	-41,951073
5727,832031	-41,959385
5770,898438	-41,947960
5813,964844	-42,067463
5857,031250	-42,050560
5900,097656	-42,139870
5943,164062	-42,302940
5986,230469	-42,322498
6029,296875	-42,089783
6072,363281	-42,077335
6115,429688	-42,181934
6158,496094	-42,162601
6201,562500	-42,254833
6244,628906	-42,236809
6287,695312	-42,435471
6330,761719	-42,568829
6373,828125	-42,445953
6416,894531	-42,418812
6459,960938	-42,507320
6503,027344	-42,571514
6546,093750	-42,657925
6589,160156	-42,906414
6632,226562	-42,751083
6675,292969	-42,704723
6718,359375	-42,773586
6761,425781	-42,865898
6804,492188	-42,849327
6847,558594	-42,858681
6890,625000	-43,167847
6933,691406	-43,100903
6976,757812	-43,011814
7019,824219	-42,960133
7062,890625	-43,156994
7105,957031	-43,114471
7149,023438	-42,905468
7192,089844	-42,987522
7235,156250	-43,072044
7278,222656	-43,175270
7321,289062	-43,130146
7364,355469	-43,090149
7407,421875	-43,165688
7450,488281	-42,958508
7493,554688	-43,025692
7536,621094	-43,310436
7579,687500	-43,367680
7622,753906	-43,408871
7665,820312	-43,342304
7708,886719	-43,549873
7751,953125	-43,436668
7795,019531	-43,376926
7838,085938	-43,433365
7881,152344	-43,562626
7924,218750	-43,537560
7967,285156	-43,461452
8010,351562	-43,455349
8053,417969	-43,582836
8096,484375	-43,662540
8139,550781	-43,667828
8182,617188	-43,614735
8225,683594	-43,451218
8268,750000	-43,475887
8311,816406	-43,504215
8354,882812	-43,654613
8397,949219	-43,662159
8441,015625	-43,657631
8484,082031	-43,600582
8527,148438	-43,756767
8570,214844	-44,034096
8613,281250	-43,946785
8656,347656	-43,948780
8699,414062	-43,959099
8742,480469	-43,799076
8785,546875	-43,880856
8828,613281	-43,895458
8871,679688	-43,895645
8914,746094	-43,867668
8957,812500	-43,997322
9000,878906	-43,964981
9043,945312	-43,896351
9087,011719	-44,054707
9130,078125	-44,057301
9173,144531	-43,990601
9216,210938	-44,143723
9259,277344	-44,277195
9302,343750	-44,155403
9345,410156	-44,211937
9388,476562	-44,209396
9431,542969	-44,028488
9474,609375	-44,049011
9517,675781	-44,237747
9560,742188	-44,332211
9603,808594	-44,246433
9646,875000	-44,134792
9689,941406	-44,189175
9733,007812	-44,285831
9776,074219	-44,334225
9819,140625	-44,279140
9862,207031	-44,296360
9905,273438	-44,371284
9948,339844	-44,426834
9991,406250	-44,563904
10034,472656	-44,637699
10077,539062	-44,628189
10120,605469	-44,525402
10163,671875	-44,484165
10206,738281	-44,508331
10249,804688	-44,586231
10292,871094	-44,500664
10335,937500	-44,591206
10379,003906	-44,611973
10422,070312	-44,408272
10465,136719	-44,561935
10508,203125	-44,599243
10551,269531	-44,512047
10594,335938	-44,428745
10637,402344	-44,447239
10680,468750	-44,471256
10723,535156	-44,385086
10766,601562	-44,417194
10809,667969	-44,631603
10852,734375	-44,721470
10895,800781	-44,987915
10938,867188	-44,942753
10981,933594	-44,600239
11025,000000	-44,589466
11068,066406	-44,664131
11111,132812	-44,708889
11154,199219	-44,928429
11197,265625	-44,686584
11240,332031	-44,712090
11283,398438	-44,759995
11326,464844	-44,704262
11369,531250	-44,742203
11412,597656	-44,717346
11455,664062	-44,613453
11498,730469	-44,776936
11541,796875	-44,805080
11584,863281	-44,828651
11627,929688	-44,840302
11670,996094	-44,822369
11714,062500	-44,890190
11757,128906	-44,973225
11800,195312	-44,963367
11843,261719	-45,016029
11886,328125	-45,117985
11929,394531	-45,051327
11972,460938	-44,975506
12015,527344	-44,931667
12058,593750	-44,915733
12101,660156	-44,850006
12144,726562	-44,865234
12187,792969	-44,880684
12230,859375	-45,021889
12273,925781	-44,949986
12316,992188	-45,102146
12360,058594	-45,179646
12403,125000	-45,070564
12446,191406	-45,073189
12489,257812	-45,049347
12532,324219	-45,135052
12575,390625	-45,323345
12618,457031	-45,262043
12661,523438	-45,170746
12704,589844	-45,191521
12747,656250	-45,231606
12790,722656	-45,242504
12833,789062	-45,114799
12876,855469	-45,139759
12919,921875	-45,225311
12962,988281	-45,138077
13006,054688	-45,094471
13049,121094	-45,168896
13092,187500	-45,111740
13135,253906	-45,210873
13178,320312	-45,148106
13221,386719	-45,113194
13264,453125	-44,967991
13307,519531	-45,097401
13350,585938	-45,293278
13393,652344	-45,294979
13436,718750	-45,340637
13479,785156	-45,298161
13522,851562	-45,348118
13565,917969	-45,300144
13608,984375	-45,205647
13652,050781	-45,182777
13695,117188	-45,199936
13738,183594	-45,145832
13781,250000	-45,286602
13824,316406	-45,358963
13867,382812	-45,412064
13910,449219	-45,296467
13953,515625	-45,315849
13996,582031	-45,591148
14039,648438	-45,393967
14082,714844	-45,272903
14125,781250	-45,319473
14168,847656	-45,304119
14211,914062	-45,448139
14254,980469	-45,442982
14298,046875	-45,271107
14341,113281	-45,350899
14384,179688	-45,490570
14427,246094	-45,453133
14470,312500	-45,588657
14513,378906	-45,486771
14556,445312	-45,281994
14599,511719	-45,292503
14642,578125	-45,410702
14685,644531	-45,471004
14728,710938	-45,450470
14771,777344	-45,479980
14814,843750	-45,368607
14857,910156	-45,348602
14900,976562	-45,527542
14944,042969	-45,509617
14987,109375	-45,294861
15030,175781	-45,392990
15073,242188	-45,482414
15116,308594	-45,534264
15159,375000	-45,317005
15202,441406	-45,342464
15245,507812	-45,461002
15288,574219	-45,587692
15331,640625	-45,473553
15374,707031	-45,339191
15417,773438	-45,610630
15460,839844	-45,579704
15503,906250	-45,475262
15546,972656	-45,512630
15590,039062	-45,703487
15633,105469	-45,640110
15676,171875	-45,500282
15719,238281	-45,447964
15762,304688	-45,697422
15805,371094	-45,779476
15848,437500	-45,557102
15891,503906	-45,554306
15934,570312	-45,684990
15977,636719	-45,589325
16020,703125	-45,595623
16063,769531	-45,681908
16106,835938	-45,639618
16149,902344	-45,590065
16192,968750	-45,607796
16236,035156	-45,551861
16279,101562	-45,519203
16322,167969	-45,595760
16365,234375	-45,705601
16408,300781	-45,619415
16451,367188	-45,823387
16494,433594	-45,628933
16537,500000	-45,746914
16580,566406	-45,695538
16623,632812	-45,711945
16666,699219	-45,614540
16709,765625	-45,706608
16752,832031	-45,595379
16795,898438	-45,592312
16838,964844	-45,806847
16882,031250	-45,792984
16925,097656	-45,716625
16968,164062	-45,606567
17011,230469	-45,709023
17054,296875	-45,875103
17097,363281	-45,778706
17140,429688	-45,799381
17183,496094	-45,819759
17226,562500	-45,730915
17269,628906	-45,647686
17312,695312	-45,638870
17355,761719	-45,667381
17398,828125	-45,850075
17441,894531	-45,606514
17484,960938	-45,576622
17528,027344	-45,599476
17571,093750	-45,798355
17614,160156	-45,861855
17657,226562	-46,031273
17700,292969	-45,831215
17743,359375	-45,664753
17786,425781	-45,554768
17829,492188	-45,534138
17872,558594	-45,635967
17915,625000	-45,653248
17958,691406	-45,629604
18001,757812	-45,708504
18044,824219	-45,752369
18087,890625	-45,834732
18130,957031	-45,877449
18174,023438	-45,705330
18217,089844	-45,496510
18260,156250	-45,808704
18303,222656	-45,860455
18346,289062	-45,835411
18389,355469	-45,955406
18432,421875	-45,796799
18475,488281	-45,660004
18518,554688	-45,547981
18561,621094	-45,592941
18604,687500	-45,872787
18647,753906	-46,016415
18690,820312	-45,885059
18733,886719	-45,782452
18776,953125	-45,683472
18820,019531	-45,737267
18863,085938	-45,913059
18906,152344	-45,729786
18949,218750	-45,750938
18992,285156	-45,889145
19035,351562	-45,847054
19078,417969	-45,729237
19121,484375	-45,905903
19164,550781	-45,731853
19207,617188	-45,705685
19250,683594	-45,865681
19293,750000	-45,882565
19336,816406	-45,768745
19379,882812	-45,786022
19422,949219	-45,793091
19466,015625	-45,918056
19509,082031	-45,997601
19552,148438	-45,811131
19595,214844	-45,822834
19638,281250	-45,974659
19681,347656	-45,898849
19724,414062	-45,831055
19767,480469	-45,776012
19810,546875	-45,743000
19853,613281	-45,645813
19896,679688	-45,870312
19939,746094	-45,983963
19982,812500	-45,860073
20025,878906	-45,861980
20068,945312	-45,816875
20112,011719	-45,944042
20155,078125	-45,833672
20198,144531	-45,788975
20241,210938	-45,840462
20284,277344	-45,963654
20327,343750	-45,925003
20370,410156	-46,014568
20413,476562	-45,965706
20456,542969	-45,900223
20499,609375	-45,935673
20542,675781	-45,956703
20585,742188	-45,907558
20628,808594	-45,826099
20671,875000	-45,809910
20714,941406	-45,991627
20758,007812	-45,738213
20801,074219	-45,764736
20844,140625	-45,881935
20887,207031	-45,743839
20930,273438	-45,785656
20973,339844	-45,869682
21016,406250	-45,980427
21059,472656	-45,925407
21102,539062	-45,802635
21145,605469	-45,704834
21188,671875	-45,812782
21231,738281	-45,901302
21274,804688	-45,911846
21317,871094	-45,872261
21360,937500	-45,942051
21404,003906	-45,870571
21447,070312	-45,747990
21490,136719	-45,906284
21533,203125	-45,944408
21576,269531	-45,882473
21619,335938	-46,033955
21662,402344	-45,988251
21705,468750	-45,737888
21748,535156	-45,684364
21791,601562	-45,784904
21834,667969	-45,794231
21877,734375	-45,836296
21920,800781	-45,898121
21963,867188	-46,032681
22006,933594	-45,923302
