Frecuencia (Hz)	Nivel (dB)
43,066406	-60,084820
86,132812	-56,953331
129,199219	-55,191517
172,265625	-53,942211
215,332031	-52,973091
258,398438	-52,181290
301,464844	-51,511806
344,531250	-50,931904
387,597656	-50,420353
430,664062	-49,962765
473,730469	-49,548866
516,796875	-49,170959
559,863281	-48,823330
602,929688	-48,501488
645,996094	-48,201878
689,062500	-47,921562
732,128906	-47,658291
775,195312	-47,410053
818,261719	-47,175240
861,328125	-46,952461
904,394531	-46,740574
947,460938	-46,538551
990,527344	-46,345493
1033,593750	-46,160645
1076,660156	-45,983360
1119,726562	-45,813026
1162,792969	-45,649139
1205,859375	-45,491207
1248,925781	-45,338776
1291,992188	-45,191559
1335,058594	-45,049168
1378,125000	-44,911274
1421,191406	-44,777607
1464,257812	-44,647964
1507,324219	-44,522087
1550,390625	-44,399761
1593,457031	-44,280762
1636,523438	-44,164925
1679,589844	-44,052116
1722,656250	-43,942165
1765,722656	-43,834934
1808,789062	-43,730282
1851,855469	-43,628082
1894,921875	-43,528252
1937,988281	-43,430660
1981,054688	-43,335201
2024,121094	-43,241791
2067,187500	-43,150349
2110,253906	-43,060795
2153,320312	-42,973053
2196,386719	-42,887074
2239,453125	-42,802731
2282,519531	-42,720013
2325,585938	-42,638840
2368,652344	-42,559139
2411,718750	-42,480888
2454,785156	-42,404003
2497,851562	-42,328476
2540,917969	-42,254242
2583,984375	-42,181248
2627,050781	-42,109470
2670,117188	-42,038872
2713,183594	-41,969364
2756,250000	-41,900955
2799,316406	-41,833633
2842,382812	-41,767319
2885,449219	-41,702007
2928,515625	-41,637684
2971,582031	-41,574299
3014,648438	-41,511791
3057,714844	-41,450180
3100,781250	-41,389450
3143,847656	-41,329540
3186,914062	-41,270443
3229,980469	-41,212162
3273,046875	-41,154640
3316,113281	-41,097866
3359,179688	-41,041828
3402,246094	-40,986504
3445,312500	-40,931870
3488,378906	-40,877911
3531,445312	-40,824627
3574,511719	-40,771992
3617,578125	-40,719978
3660,644531	-40,668575
3703,710938	-40,617790
3746,777344	-40,567581
3789,843750	-40,517956
3832,910156	-40,468880
3875,976562	-40,420341
3919,042969	-40,372356
3962,109375	-40,324894
4005,175781	-40,277935
4048,242188	-40,231491
4091,308594	-40,185532
4134,375000	-40,140068
4177,441406	-40,095066
4220,507812	-40,050514
4263,574219	-40,006416
4306,640625	-39,962757
4349,707031	-39,919544
4392,773438	-39,876759
4435,839844	-39,834389
4478,906250	-39,792439
4521,972656	-39,750877
4565,039062	-39,709702
4608,105469	-39,668919
4651,171875	-39,628513
4694,238281	-39,588497
4737,304688	-39,548851
4780,371094	-39,509537
4823,437500	-39,470581
4866,503906	-39,431988
4909,570312	-39,393734
4952,636719	-39,355797
4995,703125	-39,318199
5038,769531	-39,280907
5081,835938	-39,243950
5124,902344	-39,207306
5167,968750	-39,170952
5211,035156	-39,134911
5254,101562	-39,099167
5297,167969	-39,063709
5340,234375	-39,028553
5383,300781	-38,993675
5426,367188	-38,959057
5469,433594	-38,924732
5512,500000	-38,890667
5555,566406	-38,856869
5598,632812	-38,823334
5641,699219	-38,790058
5684,765625	-38,757038
5727,832031	-38,724247
5770,898438	-38,691708
5813,964844	-38,659424
5857,031250	-38,627377
5900,097656	-38,595558
5943,164062	-38,563972
5986,230469	-38,532623
6029,296875	-38,501488
6072,363281	-38,470573
6115,429688	-38,439884
6158,496094	-38,409409
6201,562500	-38,379139
6244,628906	-38,349087
6287,695312	-38,319241
6330,761719	-38,289589
6373,828125	-38,260155
6416,894531	-38,230911
6459,960938	-38,201859
6503,027344	-38,172997
6546,093750	-38,144333
6589,160156	-38,115856
6632,226562	-38,087559
6675,292969	-38,059448
6718,359375	-38,031517
6761,425781	-38,003773
6804,492188	-37,976200
6847,558594	-37,948780
6890,625000	-37,921551
6933,691406	-37,894505
6976,757812	-37,867619
7019,824219	-37,840900
7062,890625	-37,814335
7105,957031	-37,787933
7149,023438	-37,761677
7192,089844	-37,735592
7235,156250	-37,709675
7278,222656	-37,683895
7321,289062	-37,658279
7364,355469	-37,632812
7407,421875	-37,607498
7450,488281	-37,582314
7493,554688	-37,557285
7536,621094	-37,532391
7579,687500	-37,507641
7622,753906	-37,483040
7665,820312	-37,458576
7708,886719	-37,434242
7751,953125	-37,410042
7795,019531	-37,385983
7838,085938	-37,362057
7881,152344	-37,338264
7924,218750	-37,314606
7967,285156	-37,291065
8010,351562	-37,267643
8053,417969	-37,244343
8096,484375	-37,221188
8139,550781	-37,198154
8182,617188	-37,175228
8225,683594	-37,152439
8268,750000	-37,129765
8311,816406	-37,107201
8354,882812	-37,084751
8397,949219	-37,062420
8441,015625	-37,040199
8484,082031	-37,018097
8527,148438	-36,996120
8570,214844	-36,974239
8613,281250	-36,952457
8656,347656	-36,930801
8699,414062	-36,909248
8742,480469	-36,887806
8785,546875	-36,866470
8828,613281	-36,845234
8871,679688	-36,824097
8914,746094	-36,803066
8957,812500	-36,782131
9000,878906	-36,761299
9043,945312	-36,740570
9087,011719	-36,719940
9130,078125	-36,699409
9173,144531	-36,678970
9216,210938	-36,658627
9259,277344	-36,638382
9302,343750	-36,618233
9345,410156	-36,598171
9388,476562	-36,578209
9431,542969	-36,558327
9474,609375	-36,538536
9517,675781	-36,518845
9560,742188	-36,499237
9603,808594	-36,479721
9646,875000	-36,460289
9689,941406	-36,440937
9733,007812	-36,421684
9776,074219	-36,402508
9819,140625	-36,383419
9862,207031	-36,364414
9905,273438	-36,345490
9948,339844	-36,326653
9991,406250	-36,307888
10034,472656	-36,289207
10077,539062	-36,270607
10120,605469	-36,252087
10163,671875	-36,233646
10206,738281	-36,215282
10249,804688	-36,196999
10292,871094	-36,178791
10335,937500	-36,160656
10379,003906	-36,142601
10422,070312	-36,124615
10465,136719	-36,106709
10508,203125	-36,088875
10551,269531	-36,071106
10594,335938	-36,053417
10637,402344	-36,035801
10680,468750	-36,018253
10723,535156	-36,000774
10766,601562	-35,983368
10809,667969	-35,966042
10852,734375	-35,948769
10895,800781	-35,931564
10938,867188	-35,914425
10981,933594	-35,897369
11025,000000	-35,880363
11068,066406	-35,863434
11111,132812	-35,846565
11154,199219	-35,829773
11197,265625	-35,813038
11240,332031	-35,796364
11283,398438	-35,779747
11326,464844	-35,763210
11369,531250	-35,746731
11412,597656	-35,730312
11455,664062	-35,713951
11498,730469	-35,697655
11541,796875	-35,681419
11584,863281	-35,665245
11627,929688	-35,649136
11670,996094	-35,633083
11714,062500	-35,617085
11757,128906	-35,601154
11800,195312	-35,585270
11843,261719	-35,569439
11886,328125	-35,553677
11929,394531	-35,537960
11972,460938	-35,522312
12015,527344	-35,506721
12058,593750	-35,491184
12101,660156	-35,475697
12144,726562	-35,460274
12187,792969	-35,444908
12230,859375	-35,429592
12273,925781	-35,414326
12316,992188	-35,399113
12360,058594	-35,383949
12403,125000	-35,368843
12446,191406	-35,353798
12489,257812	-35,338795
12532,324219	-35,323833
12575,390625	-35,308937
12618,457031	-35,294090
12661,523438	-35,279293
12704,589844	-35,264542
12747,656250	-35,249851
12790,722656	-35,235207
12833,789062	-35,220604
12876,855469	-35,206062
12919,921875	-35,191555
12962,988281	-35,177109
13006,054688	-35,162708
13049,121094	-35,148342
13092,187500	-35,134033
13135,253906	-35,119770
13178,320312	-35,105549
13221,386719	-35,091381
13264,453125	-35,077263
13307,519531	-35,063187
13350,585938	-35,049152
13393,652344	-35,035164
13436,718750	-35,021225
13479,785156	-35,007332
13522,851562	-34,993477
13565,917969	-34,979668
13608,984375	-34,965900
13652,050781	-34,952175
13695,117188	-34,938496
13738,183594	-34,924858
13781,250000	-34,911270
13824,316406	-34,897717
13867,382812	-34,884212
13910,449219	-34,870743
13953,515625	-34,857315
13996,582031	-34,843937
14039,648438	-34,830589
14082,714844	-34,817291
14125,781250	-34,804028
14168,847656	-34,790810
14211,914062	-34,777634
14254,980469	-34,764488
14298,046875	-34,751381
14341,113281	-34,738323
14384,179688	-34,725304
14427,246094	-34,712322
14470,312500	-34,699379
14513,378906	-34,686470
14556,445312	-34,673607
14599,511719	-34,660778
14642,578125	-34,647984
14685,644531	-34,635227
14728,710938	-34,622509
14771,777344	-34,609825
14814,843750	-34,597187
14857,910156	-34,584576
14900,976562	-34,572010
14944,042969	-34,559479
14987,109375	-34,546974
15030,175781	-34,534515
15073,242188	-34,522087
15116,308594	-34,509697
15159,375000	-34,497353
15202,441406	-34,485027
15245,507812	-34,472736
15288,574219	-34,460487
15331,640625	-34,448269
15374,707031	-34,436081
15417,773438	-34,423931
15460,839844	-34,411823
15503,906250	-34,399742
15546,972656	-34,387699
15590,039062	-34,375690
15633,105469	-34,363705
15676,171875	-34,351757
15719,238281	-34,339836
15762,304688	-34,327957
15805,371094	-34,316113
15848,437500	-34,304295
15891,503906	-34,292503
15934,570312	-34,280750
15977,636719	-34,269035
16020,703125	-34,257343
16063,769531	-34,245682
16106,835938	-34,234047
16149,902344	-34,222458
16192,968750	-34,210899
16236,035156	-34,199360
16279,101562	-34,187851
16322,167969	-34,176384
16365,234375	-34,164944
16408,300781	-34,153522
16451,367188	-34,142139
16494,433594	-34,130787
16537,500000	-34,119457
16580,566406	-34,108162
16623,632812	-34,096893
16666,699219	-34,085659
16709,765625	-34,074451
16752,832031	-34,063271
16795,898438	-34,052124
16838,964844	-34,041000
16882,031250	-34,029907
16925,097656	-34,018845
16968,164062	-34,007809
17011,230469	-33,996803
17054,296875	-33,985817
17097,363281	-33,974865
17140,429688	-33,963940
17183,496094	-33,953041
17226,562500	-33,942169
17269,628906	-33,931320
17312,695312	-33,920509
17355,761719	-33,909725
17398,828125	-33,898956
17441,894531	-33,888210
17484,960938	-33,877510
17528,027344	-33,866825
17571,093750	-33,856163
17614,160156	-33,845539
17657,226562	-33,834930
17700,292969	-33,824348
17743,359375	-33,813793
17786,425781	-33,803265
17829,492188	-33,792763
17872,558594	-33,782284
17915,625000	-33,771835
17958,691406	-33,761414
18001,757812	-33,751011
18044,824219	-33,740627
18087,890625	-33,730274
18130,957031	-33,719948
18174,023438	-33,709648
18217,089844	-33,699368
18260,156250	-33,689106
18303,222656	-33,678875
18346,289062	-33,668671
18389,355469	-33,658489
18432,421875	-33,648327
18475,488281	-33,638195
18518,554688	-33,628082
18561,621094	-33,617996
18604,687500	-33,607933
18647,753906	-33,597889
18690,820312	-33,587868
18733,886719	-33,577873
18776,953125	-33,567902
18820,019531	-33,557945
18863,085938	-33,548019
18906,152344	-33,538120
18949,218750	-33,528244
18992,285156	-33,518383
19035,351562	-33,508545
19078,417969	-33,498734
19121,484375	-33,488937
19164,550781	-33,479168
19207,617188	-33,469421
19250,683594	-33,459694
19293,750000	-33,449989
19336,816406	-33,440308
19379,882812	-33,430645
19422,949219	-33,421009
19466,015625	-33,411381
19509,082031	-33,401783
19552,148438	-33,392208
19595,214844	-33,382652
19638,281250	-33,373123
19681,347656	-33,363609
19724,414062	-33,354118
19767,480469	-33,344662
19810,546875	-33,335281
19853,613281	-33,326344
19896,679688	-33,324520
19939,746094	-33,522717
19982,812500	-36,741962
20025,878906	-48,683731
20068,945312	-62,471394
20112,011719	-73,144089
20155,078125	-80,634850
20198,144531	-86,202682
20241,210938	-90,627853
20284,277344	-94,303658
20327,343750	-97,449455
20370,410156	-100,227402
20413,476562	-102,661247
20456,542969	-104,879654
20499,609375	-106,860039
20542,675781	-108,679565
20585,742188	-110,339401
20628,808594	-111,809685
20671,875000	-113,261009
20714,941406	-114,465080
20758,007812	-115,513924
20801,074219	-116,743805
20844,140625	-117,487335
20887,207031	-118,303032
20930,273438	-119,039146
20973,339844	-119,719543
21016,406250	-120,237473
21059,472656	-120,719078
21102,539062	-121,103104
21145,605469	-121,406784
21188,671875	-121,738770
21231,738281	-122,009148
21274,804688	-122,107399
21317,871094	-122,362617
21360,937500	-122,509193
21404,003906	-122,721672
21447,070312	-122,785019
21490,136719	-122,893425
21533,203125	-123,031342
21576,269531	-122,938431
21619,335938	-123,185822
21662,402344	-123,180153
21705,468750	-123,142754
21748,535156	-123,256325
21791,601562	-123,237038
21834,667969	-123,302528
21877,734375	-123,287964
21920,800781	-123,263062
21963,867188	-123,367561
22006,933594	-123,534325
